Degree,Frequency
32,4226
30,4180
31,4177
35,4132
33,4082
34,4079
29,4066
28,4034
36,3995
37,3927
27,3829
26,3803
38,3771
39,3747
25,3712
40,3536
41,3515
24,3490
42,3277
23,3221
43,3185
22,3065
44,2904
45,2899
46,2800
21,2747
47,2641
20,2519
48,2463
19,2317
49,2274
50,2238
51,2091
52,1998
18,1947
53,1877
54,1673
17,1602
55,1564
56,1476
16,1446
57,1369
58,1360
59,1318
15,1177
61,1148
60,1130
14,1045
62,1044
63,978
64,929
65,867
66,824
67,764
13,759
68,692
69,669
12,640
70,639
71,605
72,602
73,532
74,501
76,489
75,476
11,443
77,381
81,370
78,370
79,369
80,342
10,331
82,310
84,296
83,284
85,263
86,252
87,242
9,227
88,221
89,199
90,198
91,184
92,183
94,183
93,164
95,143
96,142
97,129
98,124
8,121
99,120
101,112
100,97
102,93
104,92
105,85
103,84
106,82
110,69
107,65
112,64
116,56
108,55
113,53
109,51
111,44
115,43
117,43
119,41
118,41
114,37
123,29
122,28
120,27
126,25
129,23
121,23
127,22
125,22
7,22
128,21
124,21
130,19
135,18
140,16
132,16
134,15
131,15
133,15
137,14
142,14
138,13
136,12
141,12
6,11
143,11
144,10
5,10
146,9
139,9
148,7
147,7
160,7
166,7
151,6
165,6
145,6
161,5
156,5
150,4
153,4
162,4
158,3
157,3
170,3
155,3
171,3
163,3
149,2
154,2
152,2
175,2
159,2
180,2
185,1
199,1
222,1
173,1
203,1
164,1
179,1
229,1
167,1
202,1
205,1
176,1
174,1
168,1
169,1
187,1
188,1
212,1
178,1
3,1
